C:\Documents and Settings\BRUKER D2\Local Settings\Temp\92fetmp413379781.raw: 2ThetaScan
5.000964    0.05041    119.987249
18
31
20
13
10
13
21
22
25
25
21
31
32
24
16
31
25
18
20
19
24
25
22
24
27
30
16
20
31
21
27
24
34
26
27
29
21
28
23
32
19
25
32
36
24
29
27
40
31
35
42
29
37
36
28
41
23
33
43
45
40
47
42
41
47
40
63
54
52
43
52
40
65
49
47
49
54
42
49
60
54
59
78
49
58
54
45
65
51
76
69
55
68
79
58
68
65
75
75
77
82
77
58
73
58
84
71
72
61
61
55
95
81
83
79
71
62
72
85
80
71
60
75
71
109
74
74
80
86
72
77
91
71
96
96
100
97
78
76
56
88
79
83
83
84
83
103
81
80
76
97
73
72
75
104
85
92
93
90
87
81
107
111
90
89
109
75
67
98
93
88
92
109
87
77
78
91
116
73
88
70
101
66
83
114
93
112
74
105
90
107
112
109
99
116
82
96
123
113
95
105
97
83
94
96
98
83
99
114
120
91
74
111
92
95
97
106
111
97
108
98
132
115
128
93
92
99
113
104
118
111
96
112
98
98
96
87
93
108
132
85
98
94
102
81
102
85
117
106
91
94
118
106
101
81
91
122
110
108
121
96
89
107
103
98
70
87
113
82
96
102
106
86
99
92
107
105
108
74
114
120
101
97
87
87
99
80
92
104
103
90
107
122
103
86
94
85
77
81
109
107
109
91
98
100
102
89
92
93
108
92
90
107
103
107
97
100
106
104
89
98
90
90
75
118
82
100
103
118
92
87
93
108
118
124
86
96
113
118
120
131
99
121
171
203
296
404
463
608
622
592
619
539
432
334
263
205
161
158
139
110
111
98
102
100
108
95
98
112
118
120
100
111
125
101
97
106
111
98
115
94
114
111
98
108
120
80
109
110
110
99
107
105
120
113
126
107
104
84
131
117
104
105
116
129
112
118
131
153
162
124
123
148
172
159
188
297
442
669
992
1519
2114
2377
2363
2227
2023
1627
1266
791
472
312
318
206
223
186
168
150
145
145
157
145
131
121
146
134
138
138
147
128
122
114
115
143
126
164
114
141
116
118
124
113
124
112
114
136
111
129
124
144
123
126
124
141
133
135
135
121
132
131
112
120
123
135
109
124
111
135
109
117
142
100
117
118
115
111
114
122
101
123
109
113
114
111
108
125
119
126
126
120
132
116
124
129
106
95
103
119
137
121
111
104
113
103
114
99
97
132
101
122
107
127
112
106
110
128
110
120
119
112
95
99
116
136
109
118
128
111
107
107
125
103
105
128
119
99
108
119
108
113
106
106
114
115
110
112
117
118
108
114
103
103
108
101
112
105
104
120
108
99
101
124
109
115
103
95
89
109
109
95
96
106
108
113
103
110
94
102
111
106
113
103
108
111
109
97
87
94
80
94
118
92
112
107
113
100
133
113
115
128
91
94
100
111
92
100
134
127
117
145
106
103
116
119
135
139
125
153
130
147
120
141
143
167
156
156
186
181
279
404
804
1549
2169
2386
2447
1977
1494
1109
790
542
372
289
211
167
181
148
157
146
128
132
151
118
114
113
113
139
125
151
129
117
112
115
110
138
116
143
128
113
124
140
134
123
98
120
107
126
104
127
107
129
128
127
106
114
124
111
132
102
122
110
110
126
125
121
122
112
112
108
116
106
126
107
117
105
100
119
117
115
111
123
109
99
118
92
114
84
129
89
118
120
142
131
100
99
141
107
104
140
107
133
105
114
114
118
116
130
110
110
134
104
115
100
108
117
113
123
112
107
123
128
112
124
113
105
95
106
114
104
113
120
118
111
116
123
142
105
118
129
152
177
332
470
465
460
455
415
321
242
203
151
163
138
126
127
129
133
106
120
139
111
115
111
136
134
112
109
118
117
113
118
124
124
101
110
106
137
145
128
128
152
171
212
359
638
860
871
972
831
622
461
335
244
184
165
117
124
117
110
134
114
144
101
112
111
97
109
120
105
102
91
107
95
95
112
120
100
111
101
94
89
86
111
101
111
104
94
93
93
124
104
134
108
109
120
113
110
102
101
88
107
115
113
103
106
96
118
91
128
110
102
97
87
95
90
105
109
112
114
118
112
95
102
88
93
110
105
114
111
107
111
107
103
90
95
115
99
90
93
112
117
100
107
101
109
97
94
88
101
101
92
103
98
131
88
105
99
110
114
88
103
104
105
115
105
94
105
114
125
114
99
115
127
119
109
90
101
102
106
104
101
94
110
109
98
104
121
94
103
101
106
108
111
113
124
108
121
119
134
135
159
176
278
374
402
444
480
393
387
265
221
194
155
149
120
122
121
110
113
96
120
119
102
109
128
109
104
102
119
116
110
111
109
110
105
115
106
111
106
111
120
105
120
125
126
100
117
99
101
111
119
119
129
116
110
85
93
116
113
112
103
79
92
106
87
133
107
101
108
99
105
107
101
100
116
109
111
97
108
111
103
107
113
124
112
109
104
124
105
104
109
116
101
95
112
112
108
127
137
93
122
125
117
107
120
128
120
99
135
124
137
140
235
256
263
248
262
219
185
152
172
120
144
141
132
110
121
122
117
125
119
120
127
133
140
129
124
124
121
126
148
147
156
157
190
233
404
746
971
919
960
977
810
692
500
362
272
232
167
161
143
131
134
113
130
136
119
116
125
120
116
124
120
122
133
132
111
97
119
129
117
126
127
106
113
121
98
127
105
100
105
122
104
104
97
111
113
117
116
125
118
114
128
118
119
112
103
101
100
109
122
112
114
121
99
94
100
123
117
124
119
120
102
114
110
115
129
88
104
100
110
116
109
110
106
97
114
124
112
117
111
118
113
100
128
102
119
105
102
114
92
112
92
112
107
117
95
103
119
102
115
120
111
106
115
119
103
110
138
112
115
106
113
115
127
127
137
119
140
140
142
194
387
712
725
677
656
655
569
454
357
285
225
158
148
134
118
120
119
112
109
101
91
105
115
109
121
110
103
98
114
85
101
108
115
106
100
101
101
90
107
114
91
101
97
105
107
87
109
84
85
94
104
113
114
120
114
106
101
98
95
115
100
98
89
81
121
112
96
104
120
114
114
88
104
115
86
102
91
112
97
100
106
114
95
107
102
101
104
112
110
94
100
96
105
91
108
109
119
131
147
173
166
159
177
165
168
125
132
126
111
101
103
107
74
103
97
109
101
110
101
98
97
105
98
97
102
101
91
99
100
94
100
93
103
104
90
104
108
103
83
99
97
92
93
95
102
98
108
95
92
82
99
85
94
95
65
94
95
102
96
99
108
90
93
93
100
97
93
87
75
87
85
90
93
112
97
88
93
112
85
104
100
87
98
118
89
94
79
103
94
83
95
102
85
106
90
106
105
101
102
109
107
96
101
78
75
90
91
91
97
78
93
79
94
100
93
107
89
83
99
95
106
108
106
102
103
107
80
79
110
96
95
97
98
92
97
101
85
80
101
87
88
100
103
85
98
101
111
77
88
96
111
99
101
113
109
112
149
176
199
209
220
198
180
182
159
154
139
125
110
109
105
82
88
91
103
82
87
90
87
96
90
82
82
84
95
84
101
90
95
92
102
80
86
91
72
86
94
102
98
77
96
88
95
79
85
95
89
95
100
100
84
106
95
101
83
111
102
105
85
99
96
87
83
89
94
79
98
82
70
100
90
90
85
90
91
92
87
107
67
97
95
97
84
79
101
98
103
99
101
105
117
148
136
153
136
140
130
134
125
111
133
120
113
92
109
94
95
89
72
108
99
87
90
94
108
102
95
107
121
120
121
179
296
365
331
284
245
241
232
208
226
186
147
146
98
110
108
101
87
103
109
104
91
91
94
99
89
101
85
97
97
99
92
92
109
101
98
92
93
100
88
81
74
84
96
97
96
89
83
89
80
93
91
84
94
91
86
79
88
74
90
89
88
78
95
80
77
80
68
77
78
80
96
93
94
90
96
95
100
71
95
79
75
82
85
64
71
83
97
86
82
91
82
84
91
92
87
81
81
90
70
83
81
88
102
70
99
86
8679
84
78
90
74
97
79
80
89
82
94
91
100
93
84
105
102
170
226
260
231
179
158
145
160
165
154
135
122
105
101
92
105
83
82
84
93
81
71
91
92
85
76
72
91
73
84
84
70
77
88
87
76
70
73
92
87
62
71
72
67
82
92
78
74
81
79
81
86
87
68
68
79
84
106
83
88
90
77
92
70
63
88
70
79
78
86
80
95
77
87
77
91
86
61
85
82
80
97
83
76
92
90
84
69
89
80
87
84
81
94
94
105
96
92
97
98
83
91
86
93
87
89
89
80
85
61
73
70
82
86
93
77
88
69
79
69
90
84
81
96
100
91
166
204
211
157
192
133
107
130
133
139
140
95
97
78
65
69
85
76
79
76
74
71
91
82
82
77
74
74
82
63
73
66
67
81
78
49
74
61
80
82
70
74
75
73
58
60
64
88
69
66
60
61
85
70
78
70
81
71
81
72
72
78
84
65
69
76
61
58
68
71
76
72
55
82
77
76
58
63
67
72
66
76
70
60
71
72
79
80
69
70
77
76
73
55
73
66
65
66
70
68
74
70
76
79
67
81
66
69
55
68
68
68
69
64
69
62
66
69
62
65
73
62
73
53
64
72
75
64
69
93
104
97
83
91
82
59
56
81
88
88
78
76
76
63
69
77
82
70
63
65
66
75
80
74
59
62
64
63
60
72
68
80
68
69
62
60
65
61
75
77
66
56
58
66
77
53
52
62
62
78
56
67
77
73
69
70
54
58
72
57
65
60
48
59
69
75
71
57
63
71
58
61
70
66
68
68
67
69
61
54
58
67
62
62
71
67
62
67
60
56
73
51
59
64
65
65
61
59
64
75
91
78
88
63
78
75
88
82
79
63
65
69
63
66
70
86
49
58
75
57
59
61
54
65
80
70
83
89
64
59
71
79
106
141
144
143
105
101
76
78
74
76
105
109
97
93
76
66
58
56
54
54
68
65
63
52
71
71
89
66
58
57
53
72
58
56
69
45
78
56
65
59
63
69
69
53
59
49
63
67
65
63
69
68
65
53
61
52
54
37
71
68
53
62
66
60
73
61
64
56
62
57
58
49
64
59
62
56
52
60
48
56
60
60
64
60
55
70
54
65
52
46
52
59
58
59
65
58
68
45
68
54
53
62
60
55
49
46
61
42
57
45
59
60
50
52
56
52
50
51