C:\Documents and Settings\BRUKER D2\Local Settings\Temp\92fetmp655469764.raw: 2ThetaScan
62.000964    0.010082    63.009173
320
319
306
326
345
304
378
359
355
410
481
429
531
584
689
822
839
964
1228
1366
1455
1686
1733
1881
1843
1867
1922
1948
1861
1820
1834
1827
1813
1696
1802
1770
1926
1920
1909
1953
1845
1888
1838
1853
1681
1604
1582
1513
1366
1347
1322
1162
1152
1132
939
964
892
801
811
747
751
670
582
570
561
536
499
521
517
437
448
385
334
391
355
333
311
322
284
305
288
303
304
279
286
291
278
256
248
243
243
226
234
275
224
259
237
208
248
226
213
