C:\Documents and Settings\BRUKER D2\Local Settings\Temp\92fetmp899984551.raw: 2ThetaScan\n\n
8.000964    0.05041    120.013032
270
284
270
226
245
264
246
263
228
208
252
242
246
236
244
248
244
233
281
267
267
250
207
240
254
216
237
247
279
250
259
238
270
248
246
274
295
254
240
274
269
264
252
257
247
237
297
261
264
263
249
279
296
258
255
262
251
256
265
263
248
241
275
254
255
253
261
267
258
260
286
251
267
289
283
256
281
270
248
245
254
260
266
234
267
254
260
256
230
263
241
249
248
240
263
264
217
250
244
237
224
268
269
230
227
257
218
223
243
250
220
259
232
242
264
251
226
226
223
227
226
234
245
244
220
224
189
209
220
213
228
209
215
250
216
221
221
211
235
218
237
222
218
222
207
205
223
236
240
208
214
228
200
219
204
203
191
195
200
203
223
182
200
205
222
218
166
187
194
171
217
187
202
183
212
205
193
197
174
192
181
184
175
163
215
197
178
191
188
185
217
164
191
198
166
175
179
168
177
194
170
172
160
155
169
190
195
183
143
171
164
196
156
168
157
157
180
162
176
170
197
148
184
156
150
168
162
153
185
169
147
165
157
187
152
147
179
156
157
153
153
154
148
173
175
179
124
155
167
164
147
143
157
157
142
150
138
163
139
166
145
168
133
154
152
165
154
174
132
142
158
128
172
144
157
114
154
146
140
139
139
145
167
138
173
125
162
133
136
148
139
148
121
110
122
131
118
146
163
151
133
135
140
130
145
139
117
134
133
161
134
124
147
147
135
129
162
139
148
166
149
145
163
164
144
103
134
141
113
155
109
125
123
148
103
111
152
123
156
160
162
149
143
136
125
117
158
149
159
115
130
126
167
140
161
136
148
173
139
124
152
134
148
162
175
138
152
160
174
214
220
255
315
331
352
433
490
500
436
272
246
197
160
172
153
181
150
136
165
138
138
155
137
192
187
154
164
161
167
160
147
151
176
156
146
158
153
159
160
187
173
160
154
154
159
154
140
159
147
157
154
192
146
160
156
148
168
180
175
172
155
160
181
163
148
173
175
177
190
182
203
172
212
161
206
211
227
247
260
294
387
395
449
571
695
851
1369
1931
2471
2552
2799
3185
3769
3923
3287
2404
1599
923
570
373
267
231
217
226
212
213
189
173
189
197
162
194
183
195
169
160
161
147
170
195
165
195
184
167
162
171
180
159
174
166
167
164
129
171
173
175
179
171
170
162
172
159
188
174
165
158
157
173
130
171
182
157
149
169
155
140
173
152
147
162
149
157
147
132
141
142
145
151
141
156
137
144
147
148
138
172
143
153
154
149
122
177
177
135
165
134
150
156
140
144
131
157
150
138
132
147
159
120
161
181
143
140
145
135
134
159
146
157
132
122
134
125
156
142
130
136
143
122
132
138
124
146
120
151
123
129
155
124
144
128
145
152
126
132
144
140
130
146
131
142
135
149
114
136
132
123
140
135
142
123
136
118
151
145
118
145
141
135
136
117
149
157
146
140
134
132
142
146
117
145
126
137
118
152
150
123
149
137
153
141
129
139
144
128
137
139
131
131
143
135
121
129
138
123
130
154
127
127
133
125
137
110
154
126
126
116
109
137
137
132
130
123
148
148
135
140
145
128
113
129
147
137
126
134
145
140
133
124
151
136
160
132
149
133
143
127
139
132
136
139
141
146
143
145
129
124
148
173
157
161
182
192
226
229
270
379
805
1380
1350
1332
1416
1367
1494
1849
2206
2080
2101
1675
1130
844
514
332
236
190
174
182
181
150
136
132
129
151
141
133
126
125
110
110
150
138
133
116
145
106
115
128
127
116
119
134
122
117
128
125
134
117
101
115
99
127
126
119
136
114
130
109
107
132
115
149
117
111
135
127
113
112
102
111
111
113
110
118
106
96
113
113
105
117
105
91
98
81
121
122
122
95
98
99
95
110
111
108
111
108
108
89
101
104
87
109
115
98
99
93
114
105
127
96
120
120
90
98
87
100
107
104
113
112
105
121
105
109
101
113
114
108
103
112
92
102
105
91
107
104
96
99
96
108
98
115
104
95
92
84
97
105
99
103
100
122
105
86
99
108
99
99
85
96
119
117
106
101
96
129
106
132
141
149
149
184
237
302
256
231
251
170
130
105
118
117
113
110
91
114
105
97
102
99
108
101
90
105
107
74
114
81
100
95
111
111
98
121
99
95
114
101
122
102
124
111
117
126
133
132
154
196
208
263
307
350
451
431
553
595
556
583
469
384
293
221
177
120
116
109
101
103
95
94
95
97
87
111
104
106
92
91
88
104
98
96
86
101
93
80
98
100
98
72
101
100
85
92
102
93
96
98
99
82
108
96
108
98
90
91
76
82
93
98
77
86
79
69
75
82
76
90
92
89
88
98
97
99
95
86
77
91
98
79
83
95
74
101
79
96
92
88
108
84
91
78
82
72
83
79
79
96
85
100
80
98
93
83
90
91
82
95
90
82
79
87
75
69
72
97
100
76
86
91
89
76
78
84
84
92
75
80
88
76
82
70
92
83
81
81
107
73
82
90
79
84
88
87
101
98
73
93
75
90
87
84
95
88
86
93
75
92
76
79
101
76
94
92
79
89
90
74
76
84
90
83
103
80
81
82
89
72
75
91
83
99
94
82
99
106
107
104
126
118
114
139
160
180
245
292
354
373
318
343
350
277
241
237
188
159
141
122
113
94
92
89
81
86
76
104
90
97
80
83
82
77
83
80
73
95
91
83
76
93
92
64
88
84
85
87
100
85
78
66
82
103
92
93
94
82
90
83
81
79
71
86
85
73
83
77
83
69
77
79
88
74
70
80
76
73
80
93
74
80
82
68
85
77
81
90
85
80
65
81
55
84
75
84
64
82
97
84
85
75
71
81
86
69
90
91
76
86
85
83
57
65
85
90
77
78
80
79
87
70
94
76
83
83
92
78
74
88
93
79
92
82
100
98
70
87
100
77
99
93
79
97
117
109
109
115
115
109
123
101
95
97
82
80
101
88
86
97
81
86
94
94
84
92
80
89
99
86
105
86
91
98
76
96
110
94
98
118
126
136
147
178
245
335
401
446
550
666
655
699
687
597
513
406
353
288
224
172
145
128
110
97
113
91
101
94
95
91
97
94
81
80
70
74
79
89
97
82
87
87
90
87
82
87
84
75
89
97
98
71
73
72
85
84
92
106
87
81
80
81
83
77
92
79
78
77
90
94
79
86
76
71
78
98
75
69
81
91
74
92
78
96
90
82
91
71
77
90
96
78
82
78
71
82
71
94
76
92
83
86
102
75
69
93
81
86
89
88
77
79
95
83
86
85
75
63
86
76
82
73
79
75
90
94
100
75
85
98
81
93
94
64
78
84
85
82
76
85
78
82
91
69
80
81
83
76
84
81
77
87
95
62
77
66
71
86
81
78
96
80
92
93
80
76
83
79
108
77
104
89
114
130
136
145
153
240
238
300
287
351
411
403
382
361
359
301
279
238
210
178
140
116
106
83
88
77
92
80
83
88
76
79
72
82
84
98
84
79
84
74
79
81
74
91
74
71
91
82
79
73
78
86
84
91
80
78
80
90
63
84
72
70
86
74
84
84
104
70
80
81
81
82
81
66
82
80
82
70
77
75
82
75
76
75
81
78
65
81
78
71
79
75
69
75
76
73
61
64
88
74
91
69
73
88
73
77
86
68
70
75
81
72
68
74
75
84
83
62
81
71
69
61
71
76
72
89
77
79
83
72
81
75
100
92
92
91
99
102
116
118
105
104
89
93
83
96
97
78
81
84
71
83
76
67
76
70
74
74
67
64
76
68
77
80
79
78
81
75
82
74
87
88
87
63
75
54
57
81
67
66
64
60
70
69
72
62
88
71
79
71
73
82
58
68
73
77
78
76
76
69
87
76
60
68
86
63
77
70
69
79
81
65
71
84
71
73
75
64
78
62
67
71
71
72
74
66
85
60
67
75
85
74
65
64
75
77
71
72
74
78
69
56
80
80
77
72
87
91
61
74
66
65
74
58
63
73
67
78
65
79
70
74
77
66
79
72
54
70
72
82
62
66
61
64
79
72
84
68
76
61
61
60
77
63
65
73
76
83
71
76
74
74
93
80
73
75
74
69
78
76
69
65
82
73
72
77
82
77
63
64
66
69
71
72
70
63
79
65
81
81
72
81
85
89
76
64
85
80
93
73
86
76
74
69
68
72
78
75
85
84
83
77
77
92
96
103
91
105
124
144
158
136
152
148
129
143
149
149
112
114
108
124
101
106
97
80
87
84
65
61
82
77
87
78
75
66
75
79
82
71
81
76
50
89
74
66
77
64
78
79
77
72
86
78
61
80
68
75
76
72
62
78
83
76
76
82
65
68
71
68
62
81
75
72
80
75
79
89
74
75
86
71
82
76
66
73
87
68
73
75
80
80
77
84
62
73
70
82
78
61
78
82
82
83
90
85
71
66
77
77
94
69
83
79
89
73
84
78
87
80
94
66
78
85
69
81
66
63
87
80
69
96
89
77
85
76
79
79
89
103
105
105
115
118
121
128
151
113
113
109
107
118
111
105
94
102
87
90
88
92
94
105
85
90
85
87
88
91
81
109
90
88
79
86
90
95
98
99
101
125
114
115
118
142
181
195
257
265
245
317
307
265
236
212
210
210
200
201
203
174
146
141
141
105
91
88
84
88
95
100
111
104
90
77
85
84
85
83
81
92
101
87
90
81
95
96
88
80
84
81
89
88
91
75
73
76
88
87
85
106
93
95
82
78
101
81
78
90
93
72
84
67
73
81
88
82
83
86
87
88
110
89
84
86
108
83
80
89
80
103
103
88
96
93
84
85
82
97
82
85
89
91
97
82
92
93
84
93
105
78
87
98
96
80
91
96
99
93
89
91
87
88
91
75
85
64
87
76
85
99
92
100
100
96
67
73
67
99
96
106
79
96
87
93
76
79
85
80
99
78
94
90
101
91
101
86
111
107
93
87
87
90
100
82
102
92
85
90
94
90
98
112
94
108
102
92
99
86
100
104
100
97
108
126
103
113
92
137
130
135
151
178
227
271
312
388
423
322
275
220
224
213
208
207
243
247
238
216
182
170
157
123
115
113
88
