C:\Documents and Settings\BRUKER D2\Local Settings\Temp\92fetmp-1154634587.raw: 2ThetaScan
8.000964    0.05041    120.013032
109
137
108
126
103
101
107
112
122
125
111
134
105
131
114
119
103
139
127
120
125
137
132
122
128
132
120
128
125
134
125
116
137
116
114
118
125
125
141
129
135
135
138
151
126
120
132
153
130
140
133
147
120
131
137
140
124
120
150
165
135
124
135
120
116
142
129
146
128
134
99
149
115
132
141
130
123
116
138
110
132
96
112
131
137
123
111
103
136
121
122
116
120
123
117
107
123
137
126
143
121
130
130
139
118
135
111
104
136
90
121
120
97
120
92
112
121
117
130
130
112
118
116
110
115
93
125
114
108
94
107
113
101
104
120
108
125
107
123
100
105
126
93
104
120
90
105
108
98
106
101
112
105
120
117
110
81
124
124
125
100
112
116
108
102
92
89
94
96
103
90
74
75
73
120
75
83
71
101
106
74
76
85
84
94
79
72
100
107
97
67
82
100
78
72
82
102
88
74
93
98
83
71
78
82
83
82
60
91
91
79
92
75
76
78
95
81
87
106
96
68
85
93
96
81
76
63
74
80
85
87
72
82
70
74
82
82
76
87
84
61
63
83
65
80
88
72
89
82
56
75
72
82
92
59
77
59
64
74
85
85
71
77
77
75
70
75
83
55
75
73
76
60
64
70
67
67
80
55
74
65
71
76
60
53
64
80
64
67
62
57
69
67
68
60
54
62
68
71
75
60
62
66
56
66
63
68
81
55
54
66
63
73
55
51
48
67
58
66
58
63
73
57
70
62
74
61
69
50
43
51
49
59
47
78
58
63
63
62
57
57
67
61
51
57
51
68
56
67
58
58
77
58
65
57
61
51
72
55
64
58
55
59
70
56
86
63
77
61
69
52
51
57
58
57
74
57
65
62
53
65
61
46
59
61
67
72
62
72
78
64
112
88
129
134
113
131
139
127
163
158
138
120
99
71
87
85
68
75
61
69
60
63
64
57
66
88
83
70
93
88
72
78
67
89
65
55
67
77
73
85
74
69
59
67
53
60
51
65
69
72
67
64
58
62
57
64
57
55
65
70
58
80
81
69
78
87
83
97
103
110
138
145
136
126
163
129
138
185
174
175
212
247
353
630
896
1119
1368
3540
9665
9639
12752
10745
9455
4384
1903
1077
732
424
310
275
184
162
155
147
121
135
137
135
141
126
115
133
113
128
107
88
97
98
114
116
115
94
83
103
83
95
92
75
93
93
90
82
77
74
91
74
104
77
87
78
76
85
92
91
86
92
73
86
85
94
57
78
81
83
86
82
66
66
54
74
73
61
78
69
67
89
51
71
67
72
82
67
71
73
68
73
85
78
64
72
74
69
73
70
59
70
63
68
61
63
59
64
72
57
67
54
64
63
64
60
71
71
55
66
48
64
69
57
68
73
62
55
56
67
47
41
49
51
64
63
62
65
69
62
66
51
60
53
63
48
51
48
61
46
59
55
74
47
62
64
64
55
53
53
51
53
62
62
56
61
59
62
60
64
48
68
61
46
65
65
39
56
53
60
60
67
57
60
41
53
58
45
63
54
57
53
46
51
49
50
50
59
51
56
62
43
71
55
65
54
39
48
54
50
49
51
45
58
42
55
52
54
51
66
57
44
53
73
61
57
56
65
47
56
76
49
57
53
54
59
59
54
59
51
58
54
55
60
52
61
59
46
62
50
62
50
61
61
59
70
60
58
71
69
65
68
58
57
83
69
80
83
76
89
124
188
250
388
430
424
594
1225
2224
2206
2061
1685
1183
656
433
302
203
140
126
106
93
92
89
59
80
70
56
75
71
70
53
55
54
71
51
65
69
63
59
76
66
60
54
62
63
55
61
47
56
63
54
78
56
63
62
72
62
67
40
56
62
62
54
54
63
62
67
56
59
69
52
52
53
47
52
57
59
48
57
50
49
52
53
65
59
48
61
46
54
63
52
48
35
49
56
46
62
61
54
54
56
53
51
49
46
49
58
44
44
47
45
51
45
48
48
45
55
71
51
47
48
53
54
44
56
46
70
50
48
51
57
54
53
38
45
57
49
46
45
39
55
54
38
43
44
49
47
46
36
40
49
44
54
38
47
53
58
57
52
54
55
50
33
53
57
54
33
40
52
59
56
60
77
73
92
91
98
93
72
87
66
58
62
75
61
51
36
54
38
53
48
45
34
56
49
32
43
29
53
45
47
46
53
51
50
46
50
44
53
49
57
59
49
51
59
67
47
59
64
58
67
122
134
123
179
213
171
227
289
255
250
232
215
246
185
111
121
118
78
73
54
47
66
53
40
56
60
52
62
48
45
45
49
50
43
45
41
56
41
47
44
26
42
41
35
56
51
44
33
47
45
44
36
38
38
45
51
42
59
48
45
40
49
41
44
39
54
55
46
42
54
48
40
35
55
45
32
44
43
45
54
39
40
43
47
35
38
51
43
46
48
42
46
48
42
44
43
47
48
34
53
43
39
51
57
47
48
33
35
45
40
48
42
45
44
26
45
41
45
33
39
39
49
44
41
43
38
39
44
46
39
46
42
50
35
42
53
54
50
46
48
51
35
40
51
40
41
41
58
48
40
38
55
36
49
39
58
51
39
51
50
52
44
52
62
50
71
44
61
50
41
60
38
57
54
52
52
53
53
59
55
59
50
46
55
69
72
76
70
93
115
125
146
214
317
380
651
1796
1936
805
842
1285
840
349
228
145
102
87
87
77
69
61
57
57
67
51
62
43
59
67
53
50
45
51
46
51
51
49
45
57
52
44
60
50
39
42
46
55
55
36
39
44
53
49
45
44
49
62
49
50
30
49
54
55
56
33
46
41
41
52
45
44
45
48
43
43
41
40
44
50
37
39
48
36
33
41
34
44
47
43
52
45
49
42
45
48
45
41
52
37
51
47
54
38
41
39
39
37
50
43
47
33
42
48
53
44
34
42
43
41
42
45
52
46
41
40
48
54
41
47
43
51
41
34
45
44
47
43
34
32
50
56
55
65
53
60
61
56
63
67
60
58
63
62
45
42
51
46
46
48
45
40
51
44
46
52
56
47
56
43
46
35
49
53
40
67
60
46
54
61
55
78
104
165
282
310
213
391
635
667
429
271
356
362
235
146
94
86
79
62
45
55
55
50
52
53
42
46
43
49
59
38
45
42
44
49
55
47
44
48
50
42
31
36
50
53
55
49
27
37
37
48
57
42
40
47
41
44
40
53
40
37
54
47
43
40
46
45
52
36
47
40
50
49
46
41
42
53
38
43
46
48
43
37
37
34
44
52
48
47
43
35
44
35
47
52
42
48
38
54
42
33
42
47
30
40
50
42
34
38
48
39
44
37
51
45
45
55
47
45
49
51
39
46
56
44
38
43
31
32
44
39
36
39
27
44
44
40
45
45
41
41
41
38
45
44
43
47
53
45
39
42
41
40
48
55
44
36
49
62
47
48
41
47
50
40
50
48
53
57
48
54
57
67
82
97
135
230
353
255
360
423
404
424
301
245
223
205
138
154
98
79
70
52
49
56
54
34
43
56
44
40
44
50
45
34
48
42
41
33
50
41
39
37
41
40
54
57
38
46
40
51
42
35
32
45
46
42
39
42
38
36
43
35
34
34
35
35
42
42
37
31
42
45
29
36
40
38
38
38
30
43
48
37
38
40
49
45
29
33
39
40
30
30
33
37
39
44
45
30
38
39
37
55
40
46
38
40
42
33
28
31
31
39
43
41
45
41
37
33
26
36
34
41
29
39
41
34
39
33
23
31
44
44
44
49
59
47
61
60
65
40
43
47
45
29
33
42
48
40
29
36
31
41
42
44
36
42
41
23
38
34
30
50
38
35
46
32
39
25
31
37
32
46
27
44
35
35
33
29
30
30
37
30
41
45
43
40
40
46
43
41
35
29
37
31
33
43
47
38
35
44
48
38
41
34
42
38
35
45
39
37
31
23
32
32
45
35
33
44
37
42
40
38
35
46
29
30
27
44
35
26
35
40
31
34
38
35
42
44
39
37
39
45
39
34
45
38
34
43
35
35
30
32
29
31
42
37
44
41
40
33
39
37
40
39
35
28
32
39
35
31
31
30
44
39
39
41
39
40
31
45
38
37
40
33
28
35
46
35
38
36
30
51
36
36
47
30
23
36
40
46
45
44
37
36
44
35
41
34
35
52
43
42
32
46
51
57
29
38
38
41
55
42
33
37
33
37
50
34
50
46
41
38
46
42
31
43
40
35
51
47
61
64
87
131
126
136
193
246
190
128
110
92
103
152
132
117
81
70
52
57
35
50
50
45
40
45
43
38
31
37
39
30
41
53
48
43
54
48
49
33
32
40
34
36
54
36
37
44
36
38
32
42
31
45
38
40
35
40
36
59
42
39
39
45
39
50
47
35
45
45
46
47
38
52
44
49
47
40
47
48
62
44
56
40
45
35
38
50
43
33
38
50
39
38
36
49
38
48
38
40
47
56
40
33
40
47
40
45
41
38
36
36
41
44
33
34
44
39
45
48
43
41
33
45
50
45
45
33
49
42
32
52
48
62
53
57
72
61
64
63
68
54
65
66
55
55
63
54
43
61
46
43
42
37
44
42
45
46
56
51
51
48
52
43
54
58
46
46
48
57
56
55
60
56
62
56
83
85
163
169
180
260
213
207
139
138
125
128
153
148
146
129
93
78
72
52
54
57
44
44
49
51
42
55
44
41
43
55
54
58
39
53
48
49
52
40
50
39
47
36
59
36
36
49
52
41
47
56
57
43
46
44
35
39
43
51
41
48
33
53
47
51
40
41
41
60
53
40
29
34
48
44
65
46
57
53
57
40
51
44
52
47
42
43
50
46
47
45
44
49
34
47
58
48
43
42
37
45
59
55
47
43
52
49
43
43
37
54
37
53
48
41
35
34
38
38
52
45
43
51
49
48
48
41
34
55
47
38
34
42
45
55
46
42
41
42
42
43
51
45
48
51
61
63
40
44
48
39
51
55
45
40
51
39
46
53
40
46
49
45
45
47
46
42
33
41
50
47
54
38
52
40
42
48
38
52
41
41
50
61
49
64
66
80
88
113
124
150
176
164
124
102
75
92
77
80
